0
[[[5.6641302e+02 6.0750000e+02 1.4886162e-01]
  [5.1065216e+02 5.7521735e+02 2.8523558e-01]
  [4.6369565e+02 4.9304346e+02 6.4897954e-01]
  [4.5195651e+02 3.7565216e+02 7.8108764e-01]
  [5.1652173e+02 2.9054346e+02 2.6178527e-01]
  [4.9304346e+02 3.8445651e+02 6.7107189e-01]
  [4.5782608e+02 2.4945651e+02 9.8589194e-01]
  [4.3141302e+02 1.6141304e+02 9.6672130e-01]
  [4.0793475e+02 7.6304344e+01 9.8121232e-01]
  [5.7521735e+02 3.9619565e+02 6.0326838e-01]
  [5.6934778e+02 2.7000000e+02 9.2960441e-01]
  [5.6641302e+02 3.0521738e+02 5.2487171e-01]
  [5.6054346e+02 3.6684781e+02 4.6295962e-01]
  [6.4271735e+02 4.0206522e+02 6.8097353e-01]
  [6.3978259e+02 3.0228259e+02 9.3398076e-01]
  [6.2217389e+02 3.3750000e+02 6.5276945e-01]
  [6.1630432e+02 3.8739130e+02 6.2783420e-01]
  [6.9847821e+02 4.2554346e+02 8.3913052e-01]
  [6.9554346e+02 3.6097824e+02 7.7658284e-01]
  [6.8086957e+02 3.6978259e+02 6.8591893e-01]
  [6.6619562e+02 4.0206522e+02 4.9886420e-01]]]
1
[[[5.7815216e+02 6.0456519e+02 9.4590962e-02]
  [5.1945648e+02 5.9869562e+02 1.4690697e-01]
  [4.6956519e+02 5.1652173e+02 6.7439991e-01]
  [4.5489130e+02 3.9619565e+02 8.2847691e-01]
  [5.1358691e+02 3.1695651e+02 2.3685187e-01]
  [5.0478259e+02 4.1086954e+02 6.7225319e-01]
  [4.6663043e+02 2.7293478e+02 9.9863058e-01]
  [4.3728259e+02 1.7902173e+02 9.4695145e-01]
  [4.1086954e+02 8.8043472e+01 9.6845311e-01]
  [5.8989130e+02 4.1673911e+02 6.1011410e-01]
  [5.7521735e+02 2.9347824e+02 9.5105815e-01]
  [5.7228259e+02 3.2576086e+02 5.1695514e-01]
  [5.6641302e+02 3.8152173e+02 4.2202076e-01]
  [6.5152173e+02 4.3141302e+02 6.8465585e-01]
  [6.4565216e+02 3.2282608e+02 9.5345223e-01]
  [6.2804346e+02 3.5217389e+02 6.5916073e-01]
  [6.1923914e+02 4.0500000e+02 5.4423326e-01]
  [7.0728259e+02 4.5489130e+02 7.9788470e-01]
  [7.0141302e+02 3.8152173e+02 7.9165494e-01]
  [6.8380432e+02 3.9032608e+02 6.5070373e-01]
  [6.6913043e+02 4.1967389e+02 4.7320399e-01]]]
2
[[[6.1336957e+02 6.3978259e+02 8.7186165e-02]
  [5.4293475e+02 6.3684778e+02 1.2589028e-01]
  [4.8130432e+02 5.4293475e+02 6.9990647e-01]
  [4.6956519e+02 4.1967389e+02 8.0988514e-01]
  [5.2826086e+02 3.3750000e+02 3.0766132e-01]
  [5.1945648e+02 4.6369565e+02 5.2035475e-01]
  [4.7836954e+02 2.9934781e+02 9.6974957e-01]
  [4.5195651e+02 2.1130434e+02 9.7049832e-01]
  [4.2847824e+02 1.2913043e+02 9.4711894e-01]
  [6.0163043e+02 4.6076086e+02 5.4634148e-01]
  [5.8402173e+02 3.1695651e+02 9.4507426e-01]
  [5.7815216e+02 3.4923911e+02 5.0972652e-01]
  [5.6934778e+02 4.0206522e+02 3.9687365e-01]
  [6.6619562e+02 4.6369565e+02 6.6758448e-01]
  [6.5739130e+02 3.4630432e+02 9.4021124e-01]
  [6.3391302e+02 3.7271738e+02 6.6850591e-01]
  [6.2217389e+02 4.2554346e+02 5.0227088e-01]
  [7.2195648e+02 4.8423911e+02 7.8947818e-01]
  [7.1315216e+02 4.0793475e+02 8.4402674e-01]
  [6.9260864e+02 4.0500000e+02 6.2656391e-01]
  [6.7206519e+02 4.4021738e+02 4.3393561e-01]]]
3
[[[6.0750000e+02 6.8086957e+02 1.5118361e-01]
  [5.4293475e+02 6.4565216e+02 2.4552362e-01]
  [4.9010867e+02 5.6347827e+02 7.1702957e-01]
  [4.7836954e+02 4.4902173e+02 8.5931385e-01]
  [5.3413043e+02 3.6097824e+02 2.9655865e-01]
  [5.4880432e+02 4.6956519e+02 6.6440463e-01]
  [4.9597824e+02 3.3456522e+02 9.5055205e-01]
  [4.7249997e+02 2.4652173e+02 9.9686581e-01]
  [4.5195651e+02 1.6434782e+02 9.5990777e-01]
  [6.2510870e+02 4.7249997e+02 6.5687013e-01]
  [6.0163043e+02 3.4336957e+02 9.2346203e-01]
  [5.9282605e+02 3.6391302e+02 5.4413259e-01]
  [5.7521735e+02 4.1673911e+02 4.1602471e-01]
  [6.8673914e+02 4.8423911e+02 7.2384119e-01]
  [6.6913043e+02 3.7271738e+02 9.3619621e-01]
  [6.4565216e+02 3.9032608e+02 6.9612288e-01]
  [6.2510870e+02 4.4608694e+02 4.3933755e-01]
  [7.3369562e+02 5.0478259e+02 8.3160317e-01]
  [7.2489130e+02 4.2847824e+02 8.4775114e-01]
  [7.0434778e+02 4.2554346e+02 6.3459235e-01]
  [6.8673914e+02 4.6076086e+02 4.4486886e-01]]]
4
[[[6.1336957e+02 6.9847821e+02 1.4990132e-01]
  [5.5467389e+02 6.5739130e+02 2.7244526e-01]
  [5.0478259e+02 5.8108691e+02 6.5852970e-01]
  [4.9304346e+02 4.6369565e+02 7.8130519e-01]
  [5.5467389e+02 3.7565216e+02 3.2063299e-01]
  [5.5467389e+02 4.8423911e+02 6.7742473e-01]
  [5.1358691e+02 3.5510867e+02 9.7425210e-01]
  [4.9010867e+02 2.6706522e+02 1.0082835e+00]
  [4.6956519e+02 1.8489130e+02 9.0144551e-01]
  [6.3391302e+02 4.9010867e+02 6.1057544e-01]
  [6.1043475e+02 3.6684781e+02 9.3861073e-01]
  [6.1043475e+02 3.9032608e+02 5.3935766e-01]
  [5.9869562e+02 4.4315216e+02 4.2606711e-01]
  [6.8967389e+02 5.0184781e+02 6.8971962e-01]
  [6.8086957e+02 3.9326086e+02 9.1282809e-01]
  [6.6032605e+02 4.1380432e+02 7.1019828e-01]
  [6.4858691e+02 4.6956519e+02 5.5463731e-01]
  [7.4250000e+02 5.1358691e+02 8.5904521e-01]
  [7.3369562e+02 4.4021738e+02 8.1236929e-01]
  [7.1902173e+02 4.4608694e+02 6.6286224e-01]
  [7.0141302e+02 4.8130432e+02 5.0912285e-01]]]
8
[[[6.8380432e+02 6.4858691e+02 3.2758552e-01]
  [6.1043475e+02 6.0456519e+02 4.6130732e-01]
  [5.5173914e+02 5.2239130e+02 7.0480067e-01]
  [5.5760870e+02 4.1673911e+02 7.9725045e-01]
  [6.1923914e+02 3.5510867e+02 2.4263050e-01]
  [5.9869562e+02 4.1673911e+02 7.4467796e-01]
  [5.7815216e+02 3.0228259e+02 9.8755860e-01]
  [5.6054346e+02 2.2597826e+02 1.0272747e+00]
  [5.4586957e+02 1.5554347e+02 9.2135143e-01]
  [6.7206519e+02 4.2554346e+02 7.4905521e-01]
  [6.7500000e+02 3.2869565e+02 9.3280196e-01]
  [6.7206519e+02 3.4923911e+02 5.7175928e-01]
  [6.5739130e+02 3.9913043e+02 4.8086113e-01]
  [7.3076086e+02 4.4315216e+02 7.8249753e-01]
  [7.3956519e+02 3.6097824e+02 9.7271556e-01]
  [7.2195648e+02 3.8445651e+02 6.6590232e-01]
  [7.0728259e+02 4.2847824e+02 5.6485265e-01]
  [7.8065216e+02 4.7249997e+02 7.5830472e-01]
  [7.8358691e+02 4.2554346e+02 8.2733518e-01]
  [7.6891302e+02 4.2260867e+02 6.9975328e-01]
  [7.5423907e+02 4.4902173e+02 4.6676606e-01]]]
9
[[[6.7793475e+02 6.3684778e+02 2.2343025e-01]
  [6.2217389e+02 5.9576086e+02 4.0058360e-01]
  [5.6641302e+02 5.0771738e+02 7.7576327e-01]
  [5.6641302e+02 4.0793475e+02 8.1205690e-01]
  [6.2804346e+02 3.2576086e+02 3.0166441e-01]
  [6.1336957e+02 4.1673911e+02 6.9527274e-01]
  [5.7815216e+02 2.9641302e+02 9.9344218e-01]
  [5.6054346e+02 2.2304347e+02 1.0499258e+00]
  [5.4000000e+02 1.5260869e+02 8.9477581e-01]
  [6.8086957e+02 4.1967389e+02 7.2745943e-01]
  [6.7500000e+02 3.1695651e+02 9.3357480e-01]
  [6.7793475e+02 3.4043478e+02 5.5488664e-01]
  [6.6326086e+02 3.9326086e+02 4.6292090e-01]
  [7.3369562e+02 4.3434781e+02 7.6001018e-01]
  [7.3956519e+02 3.5217389e+02 9.4601631e-01]
  [7.2195648e+02 3.6978259e+02 7.0233274e-01]
  [7.1021735e+02 4.1673911e+02 5.8473080e-01]
  [7.8358691e+02 4.5782608e+02 7.6873142e-01]
  [7.8358691e+02 4.1086954e+02 7.9963261e-01]
  [7.7184778e+02 4.1086954e+02 6.9501173e-01]
  [7.5717389e+02 4.2847824e+02 4.6078801e-01]]]
10
[[[6.9260864e+02 6.4565216e+02 3.3351180e-01]
  [6.2217389e+02 5.9576086e+02 5.1690841e-01]
  [5.6641302e+02 5.0771738e+02 7.7571476e-01]
  [5.6641302e+02 4.0793475e+02 8.0941731e-01]
  [6.2217389e+02 3.2576086e+02 3.2100180e-01]
  [6.2217389e+02 4.2554346e+02 6.5956843e-01]
  [5.8108691e+02 3.0521738e+02 9.7233355e-01]
  [5.6347827e+02 2.2891304e+02 1.0254589e+00]
  [5.4293475e+02 1.5554347e+02 9.1158712e-01]
  [6.9260864e+02 4.2847824e+02 7.0737058e-01]
  [6.7500000e+02 3.2576086e+02 9.2943418e-01]
  [6.7206519e+02 3.4630432e+02 5.7534015e-01]
  [6.6032605e+02 3.9913043e+02 4.8241523e-01]
  [7.4250000e+02 4.4902173e+02 7.6775074e-01]
  [7.4250000e+02 3.5804346e+02 9.8491275e-01]
  [7.2195648e+02 3.7565216e+02 6.8347788e-01]
  [7.0728259e+02 4.2554346e+02 5.6861615e-01]
  [7.8652173e+02 4.7249997e+02 7.8417623e-01]
  [7.8652173e+02 4.1673911e+02 8.0591261e-01]
  [7.7184778e+02 4.1673911e+02 6.9769138e-01]
  [7.5423907e+02 4.3728259e+02 4.8216057e-01]]]
11
[[[6.9554346e+02 6.6619562e+02 3.5128456e-01]
  [6.2217389e+02 6.1923914e+02 5.0964123e-01]
  [5.6641302e+02 5.3119562e+02 7.6878726e-01]
  [5.6641302e+02 4.2847824e+02 8.3137786e-01]
  [6.2510870e+02 3.4336957e+02 3.2689321e-01]
  [6.2804346e+02 4.4315216e+02 7.1068859e-01]
  [5.8695648e+02 3.2282608e+02 9.8757851e-01]
  [5.6934778e+02 2.4358694e+02 1.0319704e+00]
  [5.4880432e+02 1.6728261e+02 9.3266124e-01]
  [6.9554346e+02 4.4902173e+02 7.3352104e-01]
  [6.7793475e+02 3.3750000e+02 9.2433840e-01]
  [6.7500000e+02 3.6391302e+02 5.5108029e-01]
  [6.6326086e+02 4.1673911e+02 4.6534485e-01]
  [7.4250000e+02 4.6369565e+02 7.9930925e-01]
  [7.4250000e+02 3.6978259e+02 9.6742666e-01]
  [7.2195648e+02 3.9326086e+02 7.1028721e-01]
  [7.1021735e+02 4.4021738e+02 5.9647012e-01]
  [7.8945648e+02 4.8717389e+02 8.2048208e-01]
  [7.8652173e+02 4.2847824e+02 8.2152081e-01]
  [7.7478259e+02 4.3434781e+02 6.8979621e-01]
  [7.5717389e+02 4.5782608e+02 4.9887288e-01]]]
12
[[[6.9260864e+02 6.7500000e+02 3.0809867e-01]
  [6.2217389e+02 6.3097821e+02 4.6502507e-01]
  [5.6934778e+02 5.5760870e+02 7.2299486e-01]
  [5.6934778e+02 4.5195651e+02 8.4769595e-01]
  [6.2510870e+02 3.6684781e+02 3.4188086e-01]
  [6.3391302e+02 4.6076086e+02 7.1634752e-01]
  [5.8989130e+02 3.4630432e+02 9.9437773e-01]
  [5.7228259e+02 2.7000000e+02 1.0541898e+00]
  [5.5467389e+02 1.9956522e+02 9.1902077e-01]
  [6.9847821e+02 4.6663043e+02 6.7251015e-01]
  [6.7793475e+02 3.6097824e+02 9.2598927e-01]
  [6.7793475e+02 3.7858694e+02 5.8167297e-01]
  [6.6913043e+02 4.3728259e+02 4.7526139e-01]
  [7.4836957e+02 4.8130432e+02 7.2491771e-01]
  [7.4543475e+02 3.8739130e+02 9.8565686e-01]
  [7.2782605e+02 4.1380432e+02 7.0495182e-01]
  [7.1608691e+02 4.6076086e+02 6.3052201e-01]
  [7.9532605e+02 5.0478259e+02 8.1536847e-01]
  [7.8945648e+02 4.4021738e+02 8.2142848e-01]
  [7.7478259e+02 4.4902173e+02 7.0716804e-01]
  [7.6304346e+02 4.7836954e+02 5.3206629e-01]]]
21
[[[7.2195648e+02 6.5445648e+02 3.2134312e-01]
  [6.6913043e+02 6.1336957e+02 4.8300999e-01]
  [6.1923914e+02 5.3706519e+02 8.4578419e-01]
  [6.2510870e+02 4.4608694e+02 8.3742166e-01]
  [6.8086957e+02 3.9032608e+02 3.2446206e-01]
  [6.7500000e+02 4.3434781e+02 8.0151296e-01]
  [6.5152173e+02 3.3750000e+02 1.0138558e+00]
  [6.4271735e+02 2.7000000e+02 1.1141212e+00]
  [6.2804346e+02 2.0836955e+02 8.8153738e-01]
  [7.3956519e+02 4.4902173e+02 8.6711872e-01]
  [7.3369562e+02 3.5804346e+02 9.6618301e-01]
  [7.3076086e+02 3.6978259e+02 6.3645321e-01]
  [7.1608691e+02 4.2260867e+02 4.6027002e-01]
  [7.8652173e+02 4.6663043e+02 8.1579077e-01]
  [7.8945648e+02 3.9032608e+02 9.4763803e-01]
  [7.7478259e+02 4.0793475e+02 6.6322625e-01]
  [7.5717389e+02 4.4902173e+02 5.7094526e-01]
  [8.3054346e+02 4.9304346e+02 7.8851110e-01]
  [8.3054346e+02 4.4902173e+02 8.2784665e-01]
  [8.1880432e+02 4.4315216e+02 7.1055984e-01]
  [8.0413043e+02 4.6369565e+02 4.9388883e-01]]]
22
[[[7.2195648e+02 6.4565216e+02 3.6451635e-01]
  [6.6913043e+02 6.0750000e+02 5.5020100e-01]
  [6.1923914e+02 5.3413043e+02 8.4293002e-01]
  [6.2510870e+02 4.4315216e+02 8.5515749e-01]
  [6.7793475e+02 3.9032608e+02 3.1804869e-01]
  [6.7206519e+02 4.3434781e+02 7.9640299e-01]
  [6.4858691e+02 3.3750000e+02 1.0232033e+00]
  [6.3978259e+02 2.7000000e+02 1.1279496e+00]
  [6.3097821e+02 2.0836955e+02 8.7662989e-01]
  [7.3663043e+02 4.4902173e+02 8.6870903e-01]
  [7.3076086e+02 3.6097824e+02 9.7409236e-01]
  [7.2782605e+02 3.7271738e+02 6.3475204e-01]
  [7.1902173e+02 4.2260867e+02 4.6878576e-01]
  [7.8358691e+02 4.6956519e+02 8.6085272e-01]
  [7.8945648e+02 3.9032608e+02 9.7425836e-01]
  [7.7478259e+02 4.1086954e+02 6.8612957e-01]
  [7.6010864e+02 4.5195651e+02 5.9995276e-01]
  [8.2760864e+02 4.9891302e+02 8.3666188e-01]
  [8.3054346e+02 4.4608694e+02 8.2517314e-01]
  [8.1880432e+02 4.4608694e+02 7.4856985e-01]
  [8.0706519e+02 4.6369565e+02 5.4792047e-01]]]
23
[[[7.2489130e+02 6.6326086e+02 3.7644583e-01]
  [6.6619562e+02 6.1630432e+02 5.2906710e-01]
  [6.1336957e+02 5.4000000e+02 8.3213663e-01]
  [6.1923914e+02 4.5195651e+02 8.8469249e-01]
  [6.7206519e+02 3.9913043e+02 3.4233576e-01]
  [6.7500000e+02 4.5489130e+02 7.5907689e-01]
  [6.4565216e+02 3.4630432e+02 1.0071782e+00]
  [6.3684778e+02 2.7293478e+02 1.0959823e+00]
  [6.2510870e+02 2.0836955e+02 8.9562047e-01]
  [7.3663043e+02 4.6369565e+02 7.8439730e-01]
  [7.2489130e+02 3.6978259e+02 9.1661483e-01]
  [7.1902173e+02 3.8739130e+02 5.8035129e-01]
  [7.0728259e+02 4.4608694e+02 4.8934036e-01]
  [7.8065216e+02 4.7836954e+02 7.6008803e-01]
  [7.8358691e+02 3.9913043e+02 9.3222880e-01]
  [7.6304346e+02 4.1967389e+02 6.8142056e-01]
  [7.5130432e+02 4.6076086e+02 5.7052380e-01]
  [8.2467389e+02 5.0478259e+02 8.0897492e-01]
  [8.2173907e+02 4.5195651e+02 7.4457681e-01]
  [8.1000000e+02 4.5195651e+02 6.8074232e-01]
  [7.9826086e+02 4.7543475e+02 5.1005250e-01]]]
24
[[[7.0728259e+02 6.7206519e+02 3.8618621e-01]
  [6.4565216e+02 6.3097821e+02 4.9468854e-01]
  [5.9869562e+02 5.5760870e+02 7.2614694e-01]
  [6.0456519e+02 4.6663043e+02 7.6365328e-01]
  [6.7793475e+02 3.8739130e+02 2.6593494e-01]
  [6.5445648e+02 4.6663043e+02 7.6332819e-01]
  [6.3391302e+02 3.5804346e+02 1.0044816e+00]
  [6.1923914e+02 2.8467389e+02 1.0547061e+00]
  [6.0750000e+02 2.1423912e+02 8.5979569e-01]
  [7.1608691e+02 4.7543475e+02 7.3239481e-01]
  [7.1315216e+02 3.7858694e+02 9.3302089e-01]
  [7.1021735e+02 3.9326086e+02 5.9382343e-01]
  [6.9847821e+02 4.4608694e+02 4.6089128e-01]
  [7.6304346e+02 4.9597824e+02 7.7151722e-01]
  [7.6891302e+02 4.1086954e+02 9.2154557e-01]
  [7.5130432e+02 4.2847824e+02 6.7170376e-01]
  [7.3663043e+02 4.6956519e+02 6.2150419e-01]
  [8.0706519e+02 5.1652173e+02 7.3721796e-01]
  [8.0706519e+02 4.6369565e+02 7.3213202e-01]
  [7.9532605e+02 4.6663043e+02 7.0911312e-01]
  [7.8065216e+02 4.8423911e+02 5.2046263e-01]]]
25
[[[6.8380432e+02 6.7500000e+02 4.6223757e-01]
  [6.1923914e+02 6.1336957e+02 5.5169183e-01]
  [5.8108691e+02 5.2239130e+02 4.1157585e-01]
  [5.9869562e+02 4.6663043e+02 3.8563728e-01]
  [6.5739130e+02 3.8739130e+02 2.3343942e-01]
  [6.2510870e+02 4.7836954e+02 8.2565361e-01]
  [6.0456519e+02 3.7565216e+02 9.8445427e-01]
  [5.9576086e+02 3.0228259e+02 1.0577970e+00]
  [5.8108691e+02 2.4065216e+02 8.2897943e-01]
  [6.8967389e+02 4.9010867e+02 7.2133887e-01]
  [6.8967389e+02 3.9032608e+02 9.2253047e-01]
  [6.8673914e+02 4.0793475e+02 6.2571478e-01]
  [6.7500000e+02 4.5489130e+02 4.8536223e-01]
  [7.3956519e+02 5.0771738e+02 7.5052452e-01]
  [7.4250000e+02 4.2260867e+02 9.0240908e-01]
  [7.2782605e+02 4.4315216e+02 7.6155514e-01]
  [7.1608691e+02 4.8130432e+02 6.5925771e-01]
  [7.8358691e+02 5.2532605e+02 6.9247866e-01]
  [7.8358691e+02 4.7543475e+02 7.2996771e-01]
  [7.7184778e+02 4.7836954e+02 7.0818722e-01]
  [7.6304346e+02 4.9597824e+02 5.6524765e-01]]]
32
[[[5.6347827e+02 6.5152173e+02 3.9170426e-01]
  [5.0771738e+02 6.1336957e+02 5.2440298e-01]
  [4.5782608e+02 5.4586957e+02 7.2700167e-01]
  [4.5489130e+02 4.5782608e+02 7.8430504e-01]
  [5.1652173e+02 3.6684781e+02 2.2203290e-01]
  [4.9304346e+02 4.4902173e+02 8.4652126e-01]
  [4.5489130e+02 3.4336957e+02 9.7704399e-01]
  [4.3141302e+02 2.7000000e+02 1.0011158e+00]
  [4.0206522e+02 1.9663043e+02 9.5379531e-01]
  [5.6347827e+02 4.5195651e+02 6.8324137e-01]
  [5.5467389e+02 3.4923911e+02 9.0491521e-01]
  [5.5760870e+02 3.7271738e+02 5.9157455e-01]
  [5.5467389e+02 4.3141302e+02 4.7971922e-01]
  [6.1923914e+02 4.6663043e+02 8.3228165e-01]
  [6.2217389e+02 3.7858694e+02 9.4550574e-01]
  [6.1336957e+02 4.1086954e+02 7.0125842e-01]
  [6.0163043e+02 4.5782608e+02 7.4583501e-01]
  [6.7206519e+02 4.9304346e+02 8.2931143e-01]
  [6.6913043e+02 4.2847824e+02 8.8202077e-01]
  [6.6032605e+02 4.4315216e+02 7.5010765e-01]
  [6.5739130e+02 4.8130432e+02 5.5317271e-01]]]
33
[[[5.6347827e+02 6.2804346e+02 4.1903007e-01]
  [5.0771738e+02 5.8695648e+02 5.7504004e-01]
  [4.6076086e+02 5.2239130e+02 7.6493984e-01]
  [4.6076086e+02 4.4021738e+02 7.4587435e-01]
  [4.7543475e+02 4.0793475e+02 2.4429610e-01]
  [4.9010867e+02 4.2260867e+02 9.1501832e-01]
  [4.5489130e+02 3.2576086e+02 9.9831790e-01]
  [4.3141302e+02 2.5826086e+02 1.0087210e+00]
  [3.9913043e+02 1.9076086e+02 9.2488897e-01]
  [5.6054346e+02 4.2847824e+02 7.0236856e-01]
  [5.6347827e+02 3.3750000e+02 8.7138104e-01]
  [5.6641302e+02 3.7271738e+02 5.9131664e-01]
  [5.5760870e+02 4.1673911e+02 5.4341584e-01]
  [6.1923914e+02 4.4902173e+02 8.2560068e-01]
  [6.2510870e+02 3.6391302e+02 9.9408114e-01]
  [6.1923914e+02 4.1086954e+02 7.0114511e-01]
  [6.0750000e+02 4.5195651e+02 7.5210863e-01]
  [6.7206519e+02 4.8130432e+02 8.1552434e-01]
  [6.7206519e+02 4.1380432e+02 8.8786066e-01]
  [6.6619562e+02 4.4021738e+02 7.2711653e-01]
  [6.6032605e+02 4.7249997e+02 5.7953203e-01]]]
34
[[[5.4880432e+02 6.1336957e+02 3.8877183e-01]
  [5.0184781e+02 5.8108691e+02 5.7215273e-01]
  [4.6076086e+02 5.1652173e+02 7.4649930e-01]
  [4.5782608e+02 4.4021738e+02 6.9610214e-01]
  [4.7249997e+02 4.0206522e+02 2.5071660e-01]
  [4.8717389e+02 4.1967389e+02 9.1692019e-01]
  [4.5489130e+02 3.2576086e+02 9.8255515e-01]
  [4.2847824e+02 2.5532608e+02 1.0176928e+00]
  [3.9619565e+02 1.8782608e+02 9.1990978e-01]
  [5.5467389e+02 4.2554346e+02 7.5124645e-01]
  [5.6054346e+02 3.3750000e+02 8.8731009e-01]
  [5.6347827e+02 3.6978259e+02 5.9782869e-01]
  [5.5467389e+02 4.1380432e+02 5.3214675e-01]
  [6.1336957e+02 4.4902173e+02 8.3331251e-01]
  [6.2217389e+02 3.6684781e+02 9.7719544e-01]
  [6.1336957e+02 3.9619565e+02 7.1461403e-01]
  [6.0163043e+02 4.4608694e+02 7.4863362e-01]
  [6.6326086e+02 4.7836954e+02 8.6707568e-01]
  [6.6913043e+02 4.1380432e+02 9.0474230e-01]
  [6.6032605e+02 4.2847824e+02 7.1037531e-01]
  [6.5152173e+02 4.6369565e+02 5.7293868e-01]]]
35
[[[5.5173914e+02 6.2510870e+02 4.1113850e-01]
  [5.0184781e+02 5.8989130e+02 5.8888757e-01]
  [4.5195651e+02 5.2826086e+02 7.6023811e-01]
  [4.5195651e+02 4.4608694e+02 7.1967703e-01]
  [4.6956519e+02 4.2260867e+02 2.5953716e-01]
  [4.7836954e+02 4.2847824e+02 8.8365352e-01]
  [4.4902173e+02 3.3163043e+02 9.4726491e-01]
  [4.2554346e+02 2.6119565e+02 1.0097454e+00]
  [3.9619565e+02 1.8782608e+02 9.1132092e-01]
  [5.4880432e+02 4.3434781e+02 7.4218827e-01]
  [5.5173914e+02 3.4336957e+02 9.0064555e-01]
  [5.6054346e+02 3.6978259e+02 6.3219500e-01]
  [5.5173914e+02 4.1673911e+02 5.3060174e-01]
  [6.0750000e+02 4.5489130e+02 8.6596382e-01]
  [6.1630432e+02 3.6684781e+02 9.6660310e-01]
  [6.1043475e+02 3.9619565e+02 7.2295702e-01]
  [5.9869562e+02 4.4608694e+02 7.5483918e-01]
  [6.6032605e+02 4.8130432e+02 9.0685546e-01]
  [6.6619562e+02 4.1380432e+02 8.8712794e-01]
  [6.5739130e+02 4.2554346e+02 7.5280732e-01]
  [6.4858691e+02 4.5782608e+02 5.6300980e-01]]]
36
[[[5.4586957e+02 6.3391302e+02 3.6841434e-01]
  [4.9597824e+02 5.9282605e+02 5.2143967e-01]
  [4.5195651e+02 5.3119562e+02 7.1840566e-01]
  [4.4902173e+02 4.5195651e+02 7.1561927e-01]
  [4.6956519e+02 4.2847824e+02 2.1373945e-01]
  [4.8130432e+02 4.3728259e+02 8.3870745e-01]
  [4.4902173e+02 3.3750000e+02 9.7276133e-01]
  [4.2554346e+02 2.6413043e+02 1.0054456e+00]
  [3.9619565e+02 1.8782608e+02 9.2327219e-01]
  [5.4880432e+02 4.4315216e+02 7.1843004e-01]
  [5.5173914e+02 3.4923911e+02 8.9836001e-01]
  [5.5760870e+02 3.6978259e+02 6.4046645e-01]
  [5.5173914e+02 4.1967389e+02 5.1325071e-01]
  [6.1043475e+02 4.6076086e+02 8.1219232e-01]
  [6.1630432e+02 3.7565216e+02 9.1702044e-01]
  [6.0750000e+02 3.9913043e+02 6.9997519e-01]
  [5.9869562e+02 4.5195651e+02 7.4327093e-01]
  [6.6326086e+02 4.8423911e+02 8.7327331e-01]
  [6.6619562e+02 4.2260867e+02 8.1559575e-01]
  [6.5739130e+02 4.3728259e+02 7.7628797e-01]
  [6.5152173e+02 4.6369565e+02 5.6328362e-01]]]