0
[[[6.8967389e+02 7.4543475e+02 4.2970580e-01]
  [5.5760870e+02 6.5739130e+02 5.9106266e-01]
  [4.4608694e+02 5.4586957e+02 8.3670247e-01]
  [4.2260867e+02 4.3141302e+02 9.2114913e-01]
  [4.5195651e+02 3.4043478e+02 7.7412802e-01]
  [5.3706519e+02 4.0206522e+02 8.6455619e-01]
  [4.8130432e+02 2.3478259e+02 9.2122835e-01]
  [4.6663043e+02 1.2913043e+02 8.8709563e-01]
  [4.4608694e+02 3.2282608e+01 7.6839733e-01]
  [6.1630432e+02 4.0206522e+02 8.9273679e-01]
  [5.7521735e+02 3.1108694e+02 6.1683637e-01]
  [5.2239130e+02 3.4336957e+02 2.4250673e-01]
  [5.2532605e+02 4.1380432e+02 2.0697220e-01]
  [6.7500000e+02 4.2554346e+02 8.6945045e-01]
  [6.3978259e+02 3.4923911e+02 7.6651466e-01]
  [5.7815216e+02 3.7271738e+02 4.0296996e-01]
  [5.6934778e+02 4.2554346e+02 2.8539190e-01]
  [7.2195648e+02 4.5782608e+02 8.1065756e-01]
  [6.8086957e+02 4.1967389e+02 5.5323201e-01]
  [6.3391302e+02 4.1673911e+02 3.0387852e-01]
  [6.1630432e+02 4.4608694e+02 1.7052999e-01]]]
1
[[[6.8673914e+02 7.3369562e+02 4.3436956e-01]
  [5.5467389e+02 6.4565216e+02 5.7375151e-01]
  [4.4315216e+02 5.3413043e+02 8.3094883e-01]
  [4.1967389e+02 4.1673911e+02 9.1274786e-01]
  [4.5195651e+02 3.2576086e+02 7.8169918e-01]
  [5.3413043e+02 3.9032608e+02 8.5694242e-01]
  [4.8423911e+02 2.2304347e+02 9.1090423e-01]
  [4.6663043e+02 1.1739130e+02 8.5258645e-01]
  [4.4902173e+02 2.9347825e+00 5.7883698e-01]
  [6.1043475e+02 3.9326086e+02 8.9446753e-01]
  [5.7521735e+02 2.9934781e+02 6.8311644e-01]
  [5.2239130e+02 3.3750000e+02 2.8192803e-01]
  [5.2532605e+02 4.0500000e+02 2.3035833e-01]
  [6.7206519e+02 4.1380432e+02 8.5290813e-01]
  [6.3978259e+02 3.4630432e+02 7.0981431e-01]
  [5.8402173e+02 3.7858694e+02 3.6888155e-01]
  [5.6641302e+02 4.1967389e+02 2.8694642e-01]
  [7.1902173e+02 4.4315216e+02 7.7901530e-01]
  [6.7793475e+02 4.1086954e+02 5.2069408e-01]
  [6.3391302e+02 4.1967389e+02 2.7639732e-01]
  [6.1043475e+02 4.4608694e+02 1.5292802e-01]]]
2
[[[6.8380432e+02 7.1902173e+02 4.3563941e-01]
  [5.5173914e+02 6.3097821e+02 5.7601005e-01]
  [4.4021738e+02 5.1358691e+02 8.2075572e-01]
  [4.2847824e+02 4.0500000e+02 9.1136044e-01]
  [4.6076086e+02 3.1402173e+02 8.4490496e-01]
  [5.4000000e+02 3.7271738e+02 8.2396007e-01]
  [4.9010867e+02 2.0836955e+02 8.9522862e-01]
  [4.7543475e+02 1.0565217e+02 8.2647461e-01]
  [4.5195651e+02 2.9347825e+00 3.6049879e-01]
  [6.1630432e+02 3.7565216e+02 9.0762424e-01]
  [5.7815216e+02 2.9054346e+02 7.9285163e-01]
  [5.3706519e+02 3.3163043e+02 3.6084032e-01]
  [5.3706519e+02 3.8739130e+02 2.9615566e-01]
  [6.7500000e+02 4.0206522e+02 8.9526069e-01]
  [6.4271735e+02 3.3163043e+02 8.1249189e-01]
  [5.8402173e+02 3.6391302e+02 4.6962208e-01]
  [5.7228259e+02 4.0500000e+02 3.6590657e-01]
  [7.2195648e+02 4.3434781e+02 8.5568011e-01]
  [6.8673914e+02 4.0500000e+02 5.4815125e-01]
  [6.5739130e+02 4.1967389e+02 3.4827489e-01]
  [6.2510870e+02 4.3728259e+02 2.0199926e-01]]]
3
[[[6.8086957e+02 6.9554346e+02 3.8162792e-01]
  [5.4880432e+02 6.0456519e+02 5.4715353e-01]
  [4.4608694e+02 4.9304346e+02 8.5243034e-01]
  [4.3728259e+02 3.8445651e+02 9.7206050e-01]
  [4.6663043e+02 3.0228259e+02 7.9468811e-01]
  [5.4293475e+02 3.4923911e+02 8.0890977e-01]
  [4.9304346e+02 1.9369565e+02 8.5187232e-01]
  [4.7836954e+02 9.0978256e+01 7.7072704e-01]
  [4.6076086e+02 2.9347825e+00 3.7375057e-01]
  [6.2217389e+02 3.5510867e+02 8.1856596e-01]
  [5.8402173e+02 2.8467389e+02 7.3246008e-01]
  [4.7249997e+02 8.2173912e+01 5.8307797e-01]
  [4.6369565e+02 2.9347825e+00 4.1862896e-01]
  [6.7793475e+02 3.8152173e+02 8.0440718e-01]
  [6.4565216e+02 3.2869565e+02 5.9255660e-01]
  [5.8402173e+02 3.6097824e+02 4.1958520e-01]
  [5.7228259e+02 4.2260867e+02 3.5795501e-01]
  [7.2489130e+02 4.2554346e+02 8.3015680e-01]
  [6.9554346e+02 3.9913043e+02 5.4846579e-01]
  [6.6032605e+02 4.1380432e+02 3.6459261e-01]
  [6.1630432e+02 4.6956519e+02 1.9493467e-01]]]
4
[[[6.8967389e+02 7.0141302e+02 4.2982590e-01]
  [5.5467389e+02 5.9869562e+02 5.5360872e-01]
  [4.5782608e+02 4.8130432e+02 8.8570297e-01]
  [4.4315216e+02 3.7565216e+02 9.4189596e-01]
  [4.7249997e+02 2.9347824e+02 7.5472212e-01]
  [5.4293475e+02 3.4043478e+02 7.5179714e-01]
  [4.9304346e+02 1.8195651e+02 9.3410468e-01]
  [4.7543475e+02 8.5108696e+01 9.1716242e-01]
  [4.5489130e+02 2.9347825e+00 3.8054684e-01]
  [6.3097821e+02 3.4630432e+02 8.1230640e-01]
  [5.8989130e+02 2.7293478e+02 7.9745466e-01]
  [5.3706519e+02 3.3163043e+02 5.4407668e-01]
  [5.4000000e+02 3.7565216e+02 3.6384434e-01]
  [6.8673914e+02 3.7271738e+02 8.7280262e-01]
  [6.3684778e+02 3.2869565e+02 5.1495498e-01]
  [5.8108691e+02 3.6391302e+02 4.3803030e-01]
  [5.7228259e+02 4.2847824e+02 3.8446099e-01]
  [7.3076086e+02 4.1380432e+02 8.5476249e-01]
  [6.9260864e+02 3.9032608e+02 5.6628937e-01]
  [6.6032605e+02 4.1380432e+02 3.7463844e-01]
  [6.2510870e+02 4.6956519e+02 2.2292665e-01]]]
5
[[[7.0728259e+02 7.2489130e+02 4.0084380e-01]
  [6.0750000e+02 6.3978259e+02 5.4625237e-01]
  [5.1358691e+02 5.3119562e+02 8.4020633e-01]
  [4.9891302e+02 4.2554346e+02 9.7934699e-01]
  [5.4000000e+02 3.6097824e+02 8.1398571e-01]
  [6.2510870e+02 3.9913043e+02 7.8859782e-01]
  [5.9576086e+02 2.5239130e+02 9.3846631e-01]
  [5.9576086e+02 1.5847826e+02 1.0120764e+00]
  [5.8989130e+02 7.0434784e+01 9.3466187e-01]
  [6.8380432e+02 4.1380432e+02 8.0832112e-01]
  [6.0750000e+02 3.1108694e+02 4.3008834e-01]
  [5.6641302e+02 4.1086954e+02 2.4526666e-01]
  [5.6641302e+02 4.5782608e+02 2.6925266e-01]
  [7.3369562e+02 4.4315216e+02 8.0439675e-01]
  [6.5739130e+02 3.8445651e+02 5.1757717e-01]
  [6.1336957e+02 4.3434781e+02 5.0319415e-01]
  [6.0750000e+02 4.8717389e+02 3.3859909e-01]
  [7.7478259e+02 4.8130432e+02 7.4901551e-01]
  [7.1608691e+02 4.5489130e+02 4.2856562e-01]
  [6.8380432e+02 4.7543475e+02 2.4969956e-01]
  [6.4565216e+02 5.2239130e+02 1.9994640e-01]]]
6
[[[7.1902173e+02 7.3076086e+02 4.8942077e-01]
  [6.1336957e+02 6.2217389e+02 5.7698947e-01]
  [5.2239130e+02 5.1945648e+02 8.7375522e-01]
  [5.0478259e+02 4.1380432e+02 9.8379171e-01]
  [5.4586957e+02 3.4923911e+02 7.8204322e-01]
  [6.2217389e+02 3.8739130e+02 8.5829669e-01]
  [5.9282605e+02 2.3771738e+02 9.3385535e-01]
  [5.8989130e+02 1.4967390e+02 1.0353073e+00]
  [5.9282605e+02 6.1630432e+01 9.2999160e-01]
  [6.8380432e+02 4.0206522e+02 8.6917961e-01]
  [6.1043475e+02 3.0228259e+02 5.9158838e-01]
  [5.9282605e+02 2.6413043e+02 2.2146139e-01]
  [5.7228259e+02 4.3728259e+02 2.2335239e-01]
  [7.3369562e+02 4.3434781e+02 8.0602056e-01]
  [6.6032605e+02 3.6684781e+02 5.3915399e-01]
  [6.1336957e+02 4.0793475e+02 5.1284564e-01]
  [6.0750000e+02 4.6663043e+02 3.4026873e-01]
  [7.6891302e+02 4.7249997e+02 7.3780817e-01]
  [7.1021735e+02 4.4021738e+02 4.3257889e-01]
  [6.7793475e+02 4.5489130e+02 2.6244274e-01]
  [6.4271735e+02 5.0184781e+02 1.9934832e-01]]]
7
[[[7.2782605e+02 7.3956519e+02 4.9560767e-01]
  [6.1630432e+02 6.2217389e+02 5.7499689e-01]
  [5.2532605e+02 5.1652173e+02 8.9258081e-01]
  [5.0478259e+02 4.1673911e+02 9.9194735e-01]
  [5.5173914e+02 3.5217389e+02 8.0126727e-01]
  [6.2510870e+02 3.9326086e+02 8.4607059e-01]
  [5.9282605e+02 2.4065216e+02 9.2825592e-01]
  [5.9282605e+02 1.5260869e+02 1.0368693e+00]
  [5.9282605e+02 6.1630432e+01 9.2096037e-01]
  [6.8380432e+02 4.0500000e+02 8.6461520e-01]
  [6.1043475e+02 3.0521738e+02 5.6736368e-01]
  [5.7815216e+02 3.9032608e+02 2.2542365e-01]
  [5.7228259e+02 4.4315216e+02 2.3817173e-01]
  [7.3076086e+02 4.3434781e+02 8.1745225e-01]
  [6.5739130e+02 3.7271738e+02 5.4718745e-01]
  [6.1043475e+02 4.1673911e+02 5.3179109e-01]
  [6.0456519e+02 4.6956519e+02 3.6898589e-01]
  [7.6891302e+02 4.7249997e+02 7.3588306e-01]
  [7.1021735e+02 4.4608694e+02 4.4228560e-01]
  [6.7500000e+02 4.6076086e+02 2.6073670e-01]
  [6.4271735e+02 5.1065216e+02 1.9895439e-01]]]
8
[[[7.2782605e+02 7.3369562e+02 4.7506350e-01]
  [6.2217389e+02 6.2510870e+02 5.9016651e-01]
  [5.2532605e+02 5.2826086e+02 8.7352854e-01]
  [5.0478259e+02 4.2847824e+02 9.7904241e-01]
  [5.4880432e+02 3.6097824e+02 7.8853476e-01]
  [6.2804346e+02 4.0206522e+02 8.4381437e-01]
  [5.9282605e+02 2.4945651e+02 9.1520303e-01]
  [5.9282605e+02 1.5847826e+02 1.0250864e+00]
  [5.8989130e+02 7.3369560e+01 9.3858176e-01]
  [6.8380432e+02 4.1380432e+02 8.2512915e-01]
  [6.1043475e+02 3.1108694e+02 5.0928736e-01]
  [5.7228259e+02 4.1086954e+02 1.9783409e-01]
  [5.7521735e+02 4.5489130e+02 2.3427989e-01]
  [7.3369562e+02 4.4315216e+02 7.6506358e-01]
  [6.5152173e+02 3.7565216e+02 5.3456759e-01]
  [6.1043475e+02 4.2847824e+02 4.7981769e-01]
  [6.0750000e+02 4.7836954e+02 3.4615234e-01]
  [7.7184778e+02 4.7836954e+02 7.0181763e-01]
  [7.1021735e+02 4.5195651e+02 4.1778859e-01]
  [6.7500000e+02 4.6663043e+02 2.3889068e-01]
  [6.4858691e+02 5.1945648e+02 1.9040060e-01]]]
9
[[[7.3663043e+02 7.5423907e+02 4.7530198e-01]
  [6.2510870e+02 6.4858691e+02 6.0292518e-01]
  [5.2826086e+02 5.4293475e+02 8.8652903e-01]
  [5.1065216e+02 4.4021738e+02 9.6571094e-01]
  [5.5467389e+02 3.7565216e+02 7.7714092e-01]
  [6.2804346e+02 4.1673911e+02 8.5590005e-01]
  [5.9869562e+02 2.7000000e+02 9.6385056e-01]
  [5.9576086e+02 1.7608694e+02 1.0098783e+00]
  [5.9282605e+02 8.5108696e+01 9.5106637e-01]
  [6.8673914e+02 4.2847824e+02 8.4646851e-01]
  [6.1336957e+02 3.1989130e+02 4.1481709e-01]
  [5.7521735e+02 4.3434781e+02 2.2977622e-01]
  [5.7815216e+02 4.7543475e+02 2.4983296e-01]
  [7.3369562e+02 4.5782608e+02 7.8185934e-01]
  [6.3978259e+02 3.9913043e+02 5.3302497e-01]
  [6.1043475e+02 4.5195651e+02 4.7412041e-01]
  [6.1336957e+02 5.0478259e+02 3.4994066e-01]
  [7.7478259e+02 4.9304346e+02 7.1927160e-01]
  [7.1315216e+02 4.6956519e+02 3.9283341e-01]
  [6.7793475e+02 4.9304346e+02 2.5246951e-01]
  [6.5445648e+02 5.4000000e+02 2.0173298e-01]]]
10
[[[7.3956519e+02 7.4543475e+02 4.9159220e-01]
  [6.4565216e+02 6.4565216e+02 5.7432312e-01]
  [5.6054346e+02 5.4586957e+02 8.7814641e-01]
  [5.4880432e+02 4.5489130e+02 9.7845799e-01]
  [5.8402173e+02 3.9032608e+02 8.2101554e-01]
  [6.6032605e+02 4.3434781e+02 7.4604601e-01]
  [6.4858691e+02 2.9347824e+02 8.8530922e-01]
  [6.6326086e+02 2.0836955e+02 9.6041715e-01]
  [6.6913043e+02 1.2913043e+02 9.9371594e-01]
  [7.1315216e+02 4.4608694e+02 7.4504876e-01]
  [6.5445648e+02 3.2576086e+02 5.5919784e-01]
  [6.0456519e+02 4.4902173e+02 2.6427624e-01]
  [6.0456519e+02 4.9010867e+02 2.6985827e-01]
  [7.5423907e+02 4.6956519e+02 7.8274977e-01]
  [6.7206519e+02 4.1967389e+02 5.4858297e-01]
  [6.3978259e+02 4.7249997e+02 4.6996045e-01]
  [6.4565216e+02 5.1652173e+02 3.8705575e-01]
  [7.9239130e+02 4.9891302e+02 6.7618811e-01]
  [7.3369562e+02 4.7836954e+02 4.2482945e-01]
  [6.9847821e+02 5.0771738e+02 2.9066038e-01]
  [6.8380432e+02 5.4586957e+02 2.2233476e-01]]]
11
[[[7.4836957e+02 7.4836957e+02 5.1125890e-01]
  [6.4565216e+02 6.3391302e+02 5.7753986e-01]
  [5.6347827e+02 5.3413043e+02 9.1415793e-01]
  [5.5173914e+02 4.4608694e+02 9.6941030e-01]
  [5.8695648e+02 3.8445651e+02 8.1077278e-01]
  [6.6032605e+02 4.2847824e+02 7.4044627e-01]
  [6.4565216e+02 2.9054346e+02 9.5476824e-01]
  [6.5445648e+02 2.0836955e+02 9.9269557e-01]
  [6.6619562e+02 1.2913043e+02 9.4937724e-01]
  [7.1315216e+02 4.4021738e+02 7.9192603e-01]
  [6.4858691e+02 3.7565216e+02 4.2867407e-01]
  [6.1336957e+02 4.2260867e+02 3.6764574e-01]
  [6.1043475e+02 4.8130432e+02 3.3311957e-01]
  [7.5130432e+02 4.6369565e+02 7.6117396e-01]
  [6.7206519e+02 4.2260867e+02 5.2904236e-01]
  [6.4858691e+02 4.6956519e+02 5.1713800e-01]
  [6.4858691e+02 5.0771738e+02 3.9702469e-01]
  [7.8945648e+02 4.9304346e+02 6.8439394e-01]
  [7.3369562e+02 4.7836954e+02 4.0761507e-01]
  [7.0141302e+02 5.0478259e+02 3.1447068e-01]
  [6.8673914e+02 5.4293475e+02 2.1999387e-01]]]
12
[[[7.5130432e+02 7.5423907e+02 4.9936432e-01]
  [6.4565216e+02 6.3684778e+02 5.7961124e-01]
  [5.6054346e+02 5.3413043e+02 9.0630960e-01]
  [5.4880432e+02 4.4608694e+02 9.5029855e-01]
  [5.8108691e+02 3.8739130e+02 8.4610379e-01]
  [6.5445648e+02 4.3141302e+02 7.3491144e-01]
  [6.4271735e+02 2.9054346e+02 9.3246329e-01]
  [6.5152173e+02 2.0836955e+02 9.8538393e-01]
  [6.6619562e+02 1.2913043e+02 9.5690399e-01]
  [7.0728259e+02 4.4021738e+02 7.8053755e-01]
  [6.4271735e+02 3.7565216e+02 4.2730623e-01]
  [6.1043475e+02 4.4021738e+02 3.8951486e-01]
  [6.0750000e+02 4.8130432e+02 3.4789705e-01]
  [7.4836957e+02 4.6076086e+02 7.6503301e-01]
  [6.6913043e+02 4.2554346e+02 5.0884712e-01]
  [6.4271735e+02 4.6663043e+02 5.1712704e-01]
  [6.4271735e+02 5.0771738e+02 4.0098536e-01]
  [7.8652173e+02 4.9010867e+02 6.8660748e-01]
  [7.3369562e+02 4.7543475e+02 3.9783466e-01]
  [7.0141302e+02 5.0478259e+02 3.1675574e-01]
  [6.8673914e+02 5.4293475e+02 2.1272892e-01]]]
13
[[[7.4543475e+02 7.4543475e+02 4.7419900e-01]
  [6.4271735e+02 6.3097821e+02 5.7326210e-01]
  [5.5467389e+02 5.3413043e+02 8.8908792e-01]
  [5.4880432e+02 4.5195651e+02 9.3061697e-01]
  [5.7815216e+02 3.8739130e+02 8.7269980e-01]
  [6.5152173e+02 4.3434781e+02 7.3342294e-01]
  [6.3978259e+02 2.8760867e+02 9.0800107e-01]
  [6.5152173e+02 2.0836955e+02 9.7163188e-01]
  [6.6619562e+02 1.2913043e+02 9.5669848e-01]
  [7.0434778e+02 4.4315216e+02 7.3590481e-01]
  [6.4565216e+02 3.5804346e+02 4.6269467e-01]
  [6.0750000e+02 4.4021738e+02 3.2475954e-01]
  [6.0750000e+02 4.8130432e+02 2.9308900e-01]
  [7.4836957e+02 4.6663043e+02 6.8787807e-01]
  [6.5739130e+02 4.1967389e+02 4.8786205e-01]
  [6.3978259e+02 4.6369565e+02 4.7028303e-01]
  [6.4271735e+02 5.0478259e+02 3.8227138e-01]
  [7.8358691e+02 4.9010867e+02 5.7872260e-01]
  [7.3369562e+02 4.7249997e+02 3.2732898e-01]
  [6.9554346e+02 4.9597824e+02 2.7308527e-01]
  [6.7206519e+02 5.2826086e+02 1.7183359e-01]]]
14
[[[7.3956519e+02 7.5130432e+02 4.7453010e-01]
  [6.3978259e+02 6.4565216e+02 5.6168473e-01]
  [5.5173914e+02 5.4000000e+02 9.0284693e-01]
  [5.4293475e+02 4.5489130e+02 9.4972187e-01]
  [5.7521735e+02 3.9032608e+02 8.2401508e-01]
  [6.4565216e+02 4.3728259e+02 7.6485813e-01]
  [6.3391302e+02 2.9934781e+02 9.2559266e-01]
  [6.4565216e+02 2.1423912e+02 9.7494620e-01]
  [6.5445648e+02 1.3206522e+02 9.4383693e-01]
  [7.0434778e+02 4.4608694e+02 7.7199763e-01]
  [6.4271735e+02 3.6391302e+02 5.3982532e-01]
  [6.0163043e+02 4.4021738e+02 3.4294444e-01]
  [6.0456519e+02 4.8423911e+02 3.0660972e-01]
  [7.4543475e+02 4.7249997e+02 7.4340558e-01]
  [6.6619562e+02 4.2554346e+02 4.9989080e-01]
  [6.3684778e+02 4.6956519e+02 5.1023805e-01]
  [6.3978259e+02 5.1065216e+02 4.1367668e-01]
  [7.8358691e+02 4.9891302e+02 6.3351262e-01]
  [7.3369562e+02 4.8130432e+02 3.8212028e-01]
  [6.9847821e+02 5.0478259e+02 2.9516521e-01]
  [6.7793475e+02 5.4586957e+02 1.8846473e-01]]]
15
[[[6.6913043e+02 7.4543475e+02 5.3801596e-01]
  [5.5173914e+02 6.4565216e+02 5.7839960e-01]
  [4.5782608e+02 5.5173914e+02 8.9943916e-01]
  [4.4902173e+02 4.6369565e+02 9.9511087e-01]
  [4.7836954e+02 3.9913043e+02 8.0798519e-01]
  [5.3413043e+02 4.4021738e+02 9.2546093e-01]
  [4.8130432e+02 3.0521738e+02 9.0586805e-01]
  [4.6076086e+02 2.2010869e+02 1.0651628e+00]
  [4.4021738e+02 1.4086957e+02 8.9034069e-01]
  [5.9282605e+02 4.4021738e+02 8.5628617e-01]
  [4.9891302e+02 3.3456522e+02 5.5138922e-01]
  [4.9891302e+02 4.3728259e+02 3.0824184e-01]
  [5.1652173e+02 4.8130432e+02 2.7122721e-01]
  [6.3391302e+02 4.5489130e+02 8.2637125e-01]
  [5.6347827e+02 3.9326086e+02 7.8379369e-01]
  [5.3119562e+02 4.5195651e+02 6.0567266e-01]
  [5.4293475e+02 4.9597824e+02 4.9777287e-01]
  [6.7793475e+02 4.8423911e+02 7.2107947e-01]
  [6.2804346e+02 4.5782608e+02 4.9002200e-01]
  [5.9576086e+02 4.8130432e+02 3.7487417e-01]
  [5.7815216e+02 5.2239130e+02 2.6112914e-01]]]
16
[[[6.6619562e+02 7.3369562e+02 5.3863323e-01]
  [5.4880432e+02 6.3684778e+02 5.6643528e-01]
  [4.5782608e+02 5.3706519e+02 9.1281956e-01]
  [4.4902173e+02 4.5195651e+02 1.0136240e+00]
  [4.8423911e+02 3.9032608e+02 7.5742263e-01]
  [5.3413043e+02 4.2260867e+02 7.9831481e-01]
  [4.8130432e+02 2.9347824e+02 9.4956243e-01]
  [4.6076086e+02 2.0836955e+02 1.0306849e+00]
  [4.4021738e+02 1.2619565e+02 9.1075695e-01]
  [5.8695648e+02 4.2554346e+02 8.0808133e-01]
  [5.2826086e+02 3.7858694e+02 3.9835513e-01]
  [5.0184781e+02 4.1967389e+02 4.5350939e-01]
  [5.1065216e+02 4.7249997e+02 3.7484258e-01]
  [6.2804346e+02 4.4608694e+02 8.0107701e-01]
  [5.6347827e+02 3.9326086e+02 7.2113132e-01]
  [5.3706519e+02 4.4902173e+02 6.0961187e-01]
  [5.4586957e+02 4.9304346e+02 5.6281030e-01]
  [6.6913043e+02 4.7543475e+02 6.7481804e-01]
  [6.2217389e+02 4.4902173e+02 5.2886415e-01]
  [5.9282605e+02 4.7543475e+02 3.8269135e-01]
  [5.8108691e+02 5.1652173e+02 2.6478219e-01]]]
17
[[[6.5445648e+02 7.1315216e+02 5.2433801e-01]
  [5.3413043e+02 6.1336957e+02 5.0572211e-01]
  [4.5489130e+02 5.2826086e+02 8.5451347e-01]
  [4.5195651e+02 4.3728259e+02 1.0174880e+00]
  [5.0184781e+02 3.7858694e+02 5.0071913e-01]
  [5.2532605e+02 4.1380432e+02 7.3759818e-01]
  [4.7836954e+02 2.8760867e+02 9.6071756e-01]
  [4.5782608e+02 2.0543477e+02 1.0623568e+00]
  [4.3434781e+02 1.2619565e+02 9.0993345e-01]
  [5.8695648e+02 4.1967389e+02 7.7076936e-01]
  [5.3706519e+02 3.7565216e+02 4.8134750e-01]
  [5.0771738e+02 4.1380432e+02 5.4612637e-01]
  [5.1358691e+02 4.6076086e+02 4.5528737e-01]
  [6.3097821e+02 4.3728259e+02 8.0124348e-01]
  [5.7228259e+02 3.9032608e+02 6.5104616e-01]
  [5.4586957e+02 4.4902173e+02 5.4343283e-01]
  [5.4880432e+02 4.9010867e+02 5.5966699e-01]
  [6.7206519e+02 4.6956519e+02 6.9651693e-01]
  [6.3391302e+02 4.4608694e+02 5.2590513e-01]
  [6.0456519e+02 4.7543475e+02 3.8364258e-01]
  [5.9282605e+02 5.1065216e+02 2.5916663e-01]]]
18
[[[6.5445648e+02 7.1608691e+02 5.3566235e-01]
  [5.3706519e+02 6.2217389e+02 4.9328208e-01]
  [4.5489130e+02 5.2532605e+02 8.6339206e-01]
  [4.5195651e+02 4.3434781e+02 1.0252171e+00]
  [5.0478259e+02 3.7858694e+02 4.8430783e-01]
  [5.2239130e+02 4.0793475e+02 7.6852798e-01]
  [4.7836954e+02 2.8467389e+02 9.6154141e-01]
  [4.5489130e+02 2.0543477e+02 1.0814885e+00]
  [4.3434781e+02 1.2619565e+02 9.2279243e-01]
  [5.8695648e+02 4.1673911e+02 7.6468277e-01]
  [5.2532605e+02 3.7271738e+02 4.4988382e-01]
  [5.0478259e+02 4.1380432e+02 4.8842701e-01]
  [5.1358691e+02 4.6076086e+02 4.4661254e-01]
  [6.2804346e+02 4.3434781e+02 8.1077766e-01]
  [5.6934778e+02 3.9032608e+02 6.6079420e-01]
  [5.4293475e+02 4.4902173e+02 5.4996353e-01]
  [5.4880432e+02 4.8717389e+02 5.5254018e-01]
  [6.7206519e+02 4.6663043e+02 7.1448612e-01]
  [6.2804346e+02 4.4608694e+02 5.2801234e-01]
  [6.0456519e+02 4.7543475e+02 3.7632275e-01]
  [5.8989130e+02 5.1358691e+02 2.5514340e-01]]]
19
[[[6.5445648e+02 7.1315216e+02 5.1012385e-01]
  [5.3413043e+02 6.1336957e+02 4.8008704e-01]
  [4.5489130e+02 5.2239130e+02 8.3497602e-01]
  [4.5489130e+02 4.3434781e+02 1.0386338e+00]
  [5.1065216e+02 3.7858694e+02 4.7724864e-01]
  [5.2239130e+02 4.0500000e+02 8.0765635e-01]
  [4.7836954e+02 2.8467389e+02 9.6983254e-01]
  [4.5489130e+02 2.0543477e+02 1.0779487e+00]
  [4.3434781e+02 1.2619565e+02 9.2263311e-01]
  [5.8402173e+02 4.1380432e+02 7.3591459e-01]
  [5.2532605e+02 3.7565216e+02 4.4419593e-01]
  [5.1065216e+02 4.1967389e+02 3.8059813e-01]
  [5.1358691e+02 4.6076086e+02 3.8560537e-01]
  [6.2804346e+02 4.3434781e+02 7.5885797e-01]
  [5.6934778e+02 3.9032608e+02 6.4169508e-01]
  [5.4293475e+02 4.4902173e+02 5.2536935e-01]
  [5.4880432e+02 4.8717389e+02 5.0998688e-01]
  [6.7206519e+02 4.6663043e+02 6.7492628e-01]
  [6.2804346e+02 4.4608694e+02 5.0231403e-01]
  [6.0456519e+02 4.7249997e+02 3.5592598e-01]
  [5.8695648e+02 5.0771738e+02 2.1900594e-01]]]